0
0.000970794592083880
0.00338549127014424
0.00622688970498111
0.00921278540546077
0.0116772028326612
0.0148024087144721
0.0190852404364464
0.0244331753342715
0.0307061097512403
0.0368891346154715
0.0415839188080438
0.0438196249250936
0.0463488228037380
0.0491707260528614
0.0516964832989728
0.0542043909640043
0.0560979270404578
0.0566230438102574
0.0548937800532363
0.0529969179529899
0.0519645260010851
0.0502255165413292
0.0472447700068037
0.0445601973061007
0.0427340844099873
0.0413581273129564
0.0407796132287989
0.0411584962474980
0.0424740505559021
0.0429418818879984
0.0425591674321051
0.0434160354732272
0.0457589012999039
0.0465569671376574
0.0450367008431562
0.0430599663900750
0.0411641753602348
0.0391878002371387
0.0368759540320522
0.0360289995942457
0.0372786205810450
0.0393938377427761
0.0408329985300794
0.0413570798735320
0.0419233070966609
0.0421241751054514
0.0415591093774290
0.0410541119186716
0.0421878680341133
0.0424907539916588
0.0397915250761458
0.0373081887594181
0.0364252264342018
0.0358170157273119
0.0353286660957301
0.0343702979967481
0.0317782351605459
0.0287847293969825
0.0275519642696065
0.0282891457428116
0.0291987369995684
0.0303909387202350
0.0320572492710559
0.0328306943531060
0.0325945019158658
0.0314737270984481
0.0297003917288958
0.0282977261780294
0.0265299318570532
0.0242658966583182
0.0233732269601197
0.0235929257695493
0.0245191072506537
0.0259532465432207
0.0289684019007150
0.0341219898027410
0.0378268423660244
0.0395827483824227
0.0397680821687568
0.0392751182235889
0.0399769689792855
0.0415114514505964
0.0442242197456103
0.0489048036175537
0.0541401592389216
0.0582335607514324
0.0622450422908259
0.0671139595284895
0.0711821847656186
0.0733109777349731
0.0748052389098493
0.0741172764376282
0.0723133891328621
0.0706472933079809
0.0691012033177804
0.0678760658395634
0.0665065038611039
0.0663405997808946
0.0666539130957040
0.0672221290044047
0.0680744675049824
0.0691957384161025
0.0697568045874187
0.0686925540787231
0.0681580422192188
0.0682406663181576
0.0679329380988224
0.0664352681631830
0.0633216015541601
0.0594269757845105
0.0550244526075367
0.0516825126161741
0.0502567002634450
0.0506648928287037
0.0521324266056178
0.0540630352943450
0.0553969996378244
0.0553694553459866
0.0559887033715453
0.0583443632369222
0.0616163953439118
0.0638866199668805
0.0651604908704586
0.0669279894998005
0.0685369962799529
0.0699122718350034
0.0735471307373751