0
0
8.33333333333333e-07
2.49996370370364e-06
4.16652148464134e-06
5.83300668246174e-06
7.49941930346726e-06
9.16575935394148e-06
1.08320268401431e-05
1.24982217682998e-05
1.41643441446026e-05
1.58303939751994e-05
1.74963712661893e-05
1.91622760236164e-05
2.08281082534639e-05
2.24938679616483e-05
2.41595551540129e-05
2.58251698363222e-05
2.74907120142559e-05
2.91561816934028e-05
3.08215788792548e-05
3.24869035772009e-05
3.41521557925213e-05
3.58173355303815e-05
3.74824427958262e-05
3.91474775937731e-05
4.08124399290074e-05
4.24773298061755e-05
4.41421472297792e-05
4.58068922041695e-05
4.74715647335410e-05
4.91361648219255e-05
5.08006924731864e-05
5.24651476910126e-05
5.41295304789124e-05
5.57938408402079e-05
5.74580787780286e-05
5.91222442953059e-05
6.07863373947669e-05
6.24503580789284e-05
6.41143063500910e-05
6.57781822103334e-05
6.74419856615061e-05
6.91057167052256e-05
7.07693753428686e-05
7.24329615755658e-05
7.40964754041964e-05
7.57599168293815e-05
7.74232858514789e-05
7.90865824705766e-05
8.07498066864872e-05
8.24129584987420e-05
8.40760379065846e-05
8.57390449089658e-05
8.74019795045370e-05
8.90648416916444e-05
9.07276314683234e-05
9.23903488322926e-05
9.40529937809474e-05
9.57155663113548e-05
9.73780664202472e-05
9.90404941040162e-05
0.000100702849358707
0.000102365132180013
0.000104027342563269
0.000105689480503446
0.000107351545995143
0.000109013539032587
0.000110675459609620
0.000112337307719697
0.000113999083355881
0.000115660786510834
0.000117322417176812
0.000118983975345662
0.000120645461008813
0.000122306874157271
0.000123968214781612
0.000125629482871980
0.000127290678418076
0.000128951801409156
0.000130612851834023
0.000132273829681023
0.000133934734938036
0.000135595567592474
0.000137256327631273
0.000138917015040887
0.000140577629807283
0.000142238171915934
0.000143898641351815
0.000145559038099396
0.000147219362142634
0.000148879613464973
0.000150539792049332
0.000152199897878103
0.000153859930933143
0.000155519891195769
0.000157179778646754
0.000158839593266317
0.000160499335034121
0.000162159003929265
0.000163818599930280
0.000165478123015122
0.000167137573161164
0.000168796950345196
0.000170456254543414
0.000172115485731414
0.000173774643884192
0.000175433728976131
0.000177092740981000
0.000178751679871947
0.000180410545621490
0.000182069338201519
0.000183728057583280
0.000185386703737378
0.000187045276633767
0.000188703776241743
0.000190362202529944
0.000192020555466335
0.000193678835018213
0.000195337041152191
0.000196995173834201
0.000198653233029482
0.000200311218702576
0.000201969130817323
0.000203626969336857
0.000205284734223596
0.000206942425439237
0.000208600042944756
