0.200000000000000
0.199965333333333
0.199861414169794
0.199688565190232
0.199447428190191
0.199138955782144
0.198764398264587
0.198325286049318
0.197823408177559
0.197260787567227
0.196639653712408
0.195962413599186
0.195231621609499
0.194449949158951
0.193620154759958
0.192745055124097
0.191827497823719
0.190870335929623
0.189876404935288
0.188848502174551
0.187789368843147
0.186701674648667
0.185588005040342
0.184450850910542
0.183292600614229
0.182115534119998
0.180921819085586
0.179713508640337
0.178492540655255
0.177260738286325
0.176019811586984
0.174771359999543
0.173516875551666
0.172257746601633
0.170995261994100
0.169730615505889
0.168464910478319
0.167199164548518
0.165934314406746
0.164671220519935
0.163410671773336
0.162153389992415
0.160900034316032
0.159651205399486
0.158407449432476
0.157169261962315
0.155937091517208
0.154711343027944
0.153492381049259
0.152280532784371
0.151076090917932
0.149879316263949
0.148690440236153
0.147509667148943
0.146337176357406
0.145173124245131
0.144017646068535
0.142870857666360
0.141732857042791
0.140603725832408
0.139483530654852
0.138372324366765
0.137270147218177
0.136177027920131
0.135092984629970
0.134018025860305
0.132952151317307
0.131895352673617
0.130847614280795
0.129808913825895
0.128779222936434
0.127758507737718
0.126746729366194
0.125743844442222
0.124749805505434
0.123764561415561
0.122788057721444
0.121820237000689
0.120861039172267
0.119910401784177
0.118968260278103
0.118034548232878
0.117109197588404
0.116192138851555
0.115283301285461
0.114382613083479
0.113490001529043
0.112605393142475
0.111728713815797
0.110859888936452
0.109998843500805
0.109145502218216
0.108299789606407
0.107461630078804
0.106630948024471
0.105807667881198
0.104991714202288
0.104183011717510
0.103381485388673
0.102587060460247
0.101799662505380
0.101019217467706
0.100245651699223
0.0994788919945818
0.0987188656220329
0.0979655003513018
0.0972187244786246
0.0964784668491636
0.0957446568770023
0.0950172245629081
0.0942961005100350
0.0935812159377241
0.0928725026935509
0.0921698932637553
0.0914733207821797
0.0907827190378331
0.0900980224811883
0.0894191662293128
0.0887460860699258
0.0880787184644671
0.0874170005502568
0.0867608701418206
0.0861102657314478
0.0854651264890446
0.0848253922613433
0.0841910035705193
0.0835619016122674
0.0829380282533836