0.2
0.1448
0.11464
0.096498
0.084297
0.075184
0.067805
0.061507
0.05596
0.050992
0.046502
0.042423
0.03871
0.035326
0.032239
0.029423
0.026853
0.024508
0.022368
0.020415
0.018632
0.017005
0.01552
0.014165
0.012928
0.011799
0.010768
0.009828
0.0089697
0.0081864
0.0074715
0.0068191
0.0062236
0.0056801
0.0051841
0.0047314
0.0043182
0.0039411
0.0035969
0.0032828
0.0029961
0.0027345
0.0024957
0.0022778
0.0020789
0.0018973
0.0017316
0.0015804
0.0014424
0.0013164
0.0012015
0.0010966
0.0010008
0.0009134
0.00083364
0.00076084
0.0006944
0.00063376
0.00057842
0.0005279
0.0004818
0.00043973
0.00040133
0.00036628
0.0003343
0.0003051
0.00027846
0.00025414
0.00023195
0.00021169
0.00019321
0.00017634
0.00016094
0.00014688
0.00013406
0.00012235
0.00011166
0.00010191
9.3014e-005
8.4891e-005
7.7478e-005
7.0712e-005
6.4537e-005
5.8901e-005
5.3758e-005
4.9063e-005
4.4779e-005
4.0868e-005
3.7299e-005
3.4042e-005
3.1069e-005
2.8356e-005
2.588e-005
2.362e-005
2.1557e-005
1.9675e-005
1.7957e-005
1.6388e-005
1.4957e-005
1.3651e-005
1.2459e-005
1.1371e-005
1.0378e-005
9.4718e-006
8.6446e-006
7.8897e-006
7.2007e-006
6.5719e-006
5.998e-006
5.4742e-006
4.9962e-006
4.5599e-006
4.1617e-006
3.7983e-006
3.4666e-006
3.1638e-006
2.8876e-006
2.6354e-006
2.4053e-006
2.1952e-006
2.0035e-006
1.8286e-006
1.6689e-006
1.5231e-006
1.3901e-006
1.2687e-006
1.1579e-006
1.0568e-006
9.6453e-007
8.803e-007
8.0343e-007
7.3327e-007
6.6923e-007
6.1079e-007
5.5745e-007
5.0877e-007
4.6434e-007
4.2379e-007
3.8678e-007
3.5301e-007
3.2218e-007
2.9405e-007
2.6837e-007
2.4493e-007
2.2354e-007
2.0402e-007
1.8621e-007
1.6994e-007
1.551e-007
1.4156e-007
1.292e-007
1.1791e-007
1.0762e-007
9.822e-008
8.9643e-008
8.1815e-008
7.467e-008
6.8149e-008
6.2198e-008
5.6766e-008
5.1809e-008
4.7285e-008
4.3156e-008
3.9387e-008
3.5948e-008
3.2808e-008
2.9943e-008
2.7328e-008
2.4942e-008
2.2764e-008
2.0776e-008
1.8962e-008
1.7306e-008
1.5795e-008
1.4415e-008
1.3156e-008
1.2008e-008
1.0959e-008
1.0002e-008
9.1285e-009
8.3313e-009
7.6038e-009
6.9398e-009
6.3337e-009
5.7806e-009
5.2758e-009
4.8151e-009
4.3946e-009
4.0109e-009
3.6606e-009
3.3409e-009
3.0492e-009
2.7829e-009
2.5399e-009
2.3181e-009
2.1157e-009
1.9309e-009
1.7623e-009
1.6084e-009
1.4679e-009
1.3397e-009
1.2227e-009
1.116e-009
1.0185e-009
9.2957e-010
8.484e-010
7.7431e-010
7.0669e-010
6.4498e-010
5.8865e-010
5.3725e-010
4.9033e-010
4.4751e-010
4.0843e-010
3.7277e-010
3.4021e-010
3.105e-010
2.8339e-010
2.5864e-010
2.3606e-010
2.1544e-010
1.9663e-010
1.7946e-010
1.6379e-010
1.4948e-010
1.3643e-010
1.2451e-010
1.1364e-010
1.0372e-010
9.466e-011
8.6394e-011
7.8849e-011
7.1964e-011
6.5679e-011
5.9944e-011
5.4709e-011
4.9932e-011
4.5571e-011
4.1592e-011
3.796e-011
3.4645e-011
3.1619e-011
2.8858e-011
2.6338e-011
2.4038e-011
2.1939e-011
2.0023e-011
1.8274e-011
1.6679e-011
1.5222e-011
1.3893e-011
1.268e-011
1.1572e-011
1.0562e-011
9.6394e-012
8.7977e-012
