0
0
10.53
18.509
25.034
30.638
35.59
40.034
44.054
47.707
51.033
54.066
56.832
59.356
61.659
63.76
65.678
67.429
69.026
70.485
71.815
73.03
74.138
75.15
76.073
76.916
77.685
78.387
79.028
79.613
80.146
80.633
81.078
81.484
81.854
82.192
82.5
82.782
83.039
83.273
83.487
83.682
83.861
84.023
84.172
84.307
84.431
84.544
84.647
84.741
84.827
84.905
84.977
85.042
85.101
85.156
85.205
85.251
85.292
85.33
85.364
85.395
85.424
85.45
85.474
85.496
85.516
85.534
85.551
85.566
85.579
85.592
85.604
85.614
85.624
85.632
85.64
85.648
85.654
85.66
85.666
85.671
85.676
85.68
85.684
85.687
85.69
85.693
85.696
85.698
85.701
85.703
85.704
85.706
85.708
85.709
85.71
85.711
85.713
85.714
85.714
85.715
85.716
85.717
85.717
85.718
85.718
85.719
85.719
85.72
85.72
85.72
85.721
85.721
85.721
85.721
85.722
85.722
85.722
85.722
85.722
85.722
85.722
85.723
85.723
85.723
85.723
85.723
85.723
85.723
85.723
85.723
85.723
85.723
85.723
85.723
85.723
85.723
85.723
85.723
85.723
85.723
85.724
85.724
85.724
85.724
85.724
85.724
85.724
85.724
85.724
85.724
85.724
85.724
85.724
85.724
85.724
85.724
85.724
85.724
85.724
85.724
85.724
85.724
85.724
85.724
85.724
85.724
85.724
85.724
85.724
85.724
85.724
85.724
85.724
85.724
85.724
85.724
85.724
85.724
85.724
85.724
85.724
85.724
85.724
85.724
85.724
85.724
85.724
85.724
85.724
85.724
85.724
85.724
85.724
85.724
85.724
85.724
85.724
85.724
85.724
85.724
85.724
85.724
85.724
85.724
85.724
85.724
85.724
85.724
85.724
85.724
85.724
85.724
85.724
85.724
85.724
85.724
85.724
85.724
85.724
85.724
85.724
85.724
85.724
85.724
85.724
85.724
85.724
85.724
85.724
85.724
85.724
85.724
85.724
85.724
85.724
85.724
85.724
85.724
85.724
85.724
85.724
85.724
85.724
85.724
85.724
85.724
85.724
85.724
85.724
85.724
85.724
85.724
85.724
85.724
