0
0
0
0
0
10.53
18.509
14.505
12.13
10.556
9.3953
8.464
7.6734
6.9794
6.3589
5.7984
5.2897
4.8266
4.4046
4.0197
3.6686
3.3482
3.0558
2.7889
2.5454
2.3231
2.1202
1.9351
1.7661
1.6119
1.4711
1.3426
1.2254
1.1184
1.0207
0.93157
0.85022
0.77597
0.70821
0.64637
0.58992
0.53841
0.49139
0.44848
0.40931
0.37357
0.34095
0.31117
0.284
0.2592
0.23656
0.21591
0.19705
0.17984
0.16414
0.1498
0.13672
0.12478
0.11389
0.10394
0.094864
0.08658
0.079019
0.072119
0.065821
0.060073
0.054827
0.050039
0.045669
0.041681
0.038041
0.034719
0.031687
0.02892
0.026395
0.02409
0.021986
0.020066
0.018314
0.016714
0.015255
0.013923
0.012707
0.011597
0.010584
0.0096602
0.0088166
0.0080467
0.007344
0.0067027
0.0061173
0.0055831
0.0050956
0.0046506
0.0042445
0.0038738
0.0035355
0.0032268
0.002945
0.0026878
0.0024531
0.0022389
0.0020434
0.0018649
0.0017021
0.0015534
0.0014178
0.001294
0.001181
0.0010778
0.00098372
0.00089781
0.00081941
0.00074785
0.00068254
0.00062294
0.00056854
0.00051889
0.00047358
0.00043222
0.00039448
0.00036003
0.00032859
0.0002999
0.00027371
0.0002498
0.00022799
0.00020808
0.00018991
0.00017333
0.00015819
0.00014438
0.00013177
0.00012026
0.00010976
0.00010017
9.1426e-005
8.3442e-005
7.6155e-005
6.9505e-005
6.3435e-005
5.7896e-005
5.284e-005
4.8225e-005
4.4014e-005
4.0171e-005
3.6663e-005
3.3461e-005
3.0539e-005
2.7872e-005
2.5438e-005
2.3217e-005
2.1189e-005
1.9339e-005
1.765e-005
1.6109e-005
1.4702e-005
1.3418e-005
1.2246e-005
1.1177e-005
1.0201e-005
9.3101e-006
8.4971e-006
7.755e-006
7.0778e-006
6.4597e-006
5.8956e-006
5.3808e-006
4.9109e-006
4.482e-006
4.0906e-006
3.7334e-006
3.4074e-006
3.1098e-006
2.8383e-006
2.5904e-006
2.3642e-006
2.1577e-006
1.9693e-006
1.7973e-006
1.6404e-006
1.4971e-006
1.3664e-006
1.2471e-006
1.1382e-006
1.0388e-006
9.4806e-007
8.6527e-007
7.8971e-007
7.2075e-007
6.5781e-007
6.0036e-007
5.4794e-007
5.0009e-007
4.5642e-007
4.1656e-007
3.8018e-007
3.4698e-007
3.1668e-007
2.8903e-007
2.6379e-007
2.4075e-007
2.1973e-007
2.0054e-007
1.8303e-007
1.6704e-007
1.5246e-007
1.3914e-007
1.2699e-007
1.159e-007
1.0578e-007
9.6543e-008
8.8112e-008
8.0418e-008
7.3395e-008
6.6986e-008
6.1136e-008
5.5797e-008
5.0925e-008
4.6478e-008
4.2419e-008
3.8715e-008
3.5334e-008
3.2248e-008
2.9432e-008
2.6862e-008
2.4516e-008
2.2375e-008
2.0421e-008
1.8638e-008
1.701e-008
1.5525e-008
1.4169e-008
1.2932e-008
1.1803e-008
1.0772e-008
9.8312e-009
8.9727e-009
8.1891e-009
7.474e-009
6.8213e-009
6.2256e-009
5.682e-009
5.1858e-009
4.7329e-009
4.3196e-009
3.9424e-009
3.5981e-009
3.2839e-009
2.9971e-009
2.7354e-009
2.4965e-009
2.2785e-009
2.0795e-009
1.8979e-009
1.7322e-009
