0
2.50000000000000
4.81043750000000
6.93431232656250
8.87636819961965
10.6427546469137
12.2407266907796
13.6783797979438
14.9644175668496
16.1079496436215
17.1183174016710
18.0049449861844
18.7772134089375
19.4443554771284
20.0153694487897
20.4989494237995
20.9034306009591
21.2367476557781
21.5064046185831
21.7194547567275
21.8824890866708
22.0016322604105
22.0825446852997
22.1304298459771
22.1500459014349
22.1457207287968
22.1213696779061
22.0805153872150
22.0263090916651
21.9615529273118
21.8887228054622
21.8099914912447
21.7272515780050
21.6421380999678
21.5560505714943
21.4701742822682
21.3855007141754
21.3028469777921
21.2228741945822
21.1461047754178
21.0729385671910
21.0036678573562
20.9384912415234
20.8775263719727
20.8208216154406
20.7683666569826
20.7201020933583
20.6759280644460
20.6357119748514
20.5992953603217
20.5664999549777
20.5371330158802
20.5109919611957
20.4878683773431
20.4675514491021
20.4498308648439
20.4344992468933
20.4213541546350
20.4101997053926
20.4008478554080
20.3931193804778
20.3868445930047
20.3818638294389
20.3780277393441
20.3751974046483
20.3732443150633
20.3720502231754
20.3715069003591
20.3715158124329
20.3719877318831
20.3728423015243
20.3740075626437
20.3754194589963
20.3770213264721
20.3787633768424
20.3806021827047
20.3825001695856
20.3844251201111
20.3863496942178
20.3882509685470
20.3901099974269
20.3919113971999
20.3936429550949
20.3952952633511
20.3968613788903
20.3983365084770
20.3997177190146
20.4010036723792
20.4021943840000
20.4032910042344
20.4042956214730
20.4052110858163
20.4060408521113
20.4067888410966
20.4074593173922
20.4080567830733
20.4085858855836
20.4090513387729
20.4094578558863
20.4098100933734
20.4101126044452
20.4103698013585
20.4105859254703
20.4107650241658
20.4109109338266
20.4110272680671
20.4111174105301
20.4111845115910
20.4112314883802
20.4112610275867
20.4112755905622
20.4112774202918
20.4112685498480
20.4112508119869
20.4112258495883
20.4111951266784
20.4111599398098
20.4111214296046
20.4110805922969
20.4110382911377
20.4109952675459
20.4109521519162
20.4109094740075
20.4108676728576
20.4108271061805
20.4107880592188
20.4107507530329
20.4107153522187
