0
0
0.0250000000000000
0.0231043750000000
0.0212387482656250
0.0194205587305715
0.0176638644729407
0.0159797204386588
0.0143765310716422
0.0128603776890577
0.0114353207677197
0.0101036775804946
0.00886627584513442
0.00772268422753031
0.00667142068190916
0.00571013971661328
0.00483579975009740
0.00404481177159596
0.00333317054819023
0.00269656962804974
0.00213050138144401
0.00163034329943383
0.00119143173739651
0.000809124248892272
0.000478851606773658
0.000196160554578123
-4.32517263812903e-05
-0.000243510508906428
-0.000408542906911320
-0.000542062955498806
-0.000647561643533010
-0.000728301218496575
-0.000787313142174290
-0.000827399132397496
-0.000851134780371920
-0.000860875284734965
-0.000858762892260618
-0.000846735680928645
-0.000826537363832644
-0.000799727832098798
-0.000767694191643734
-0.000731662082268694
-0.000692707098348264
-0.000651766158327229
-0.000609648695507510
-0.000567047565320580
-0.000524549584580245
-0.000482645636243360
-0.000441740289122466
-0.000402160895945816
-0.000364166145297432
-0.000327954053440403
-0.000293669390974662
-0.000261410546844712
-0.000231235838526208
-0.000203169282409475
-0.000177205842582315
-0.000153316179506103
-0.000131450922582901
-0.000111544492424423
-9.35184998458990e-05
-7.72847493018000e-05
-6.27478747312536e-05
-4.98076356574072e-05
-3.83609009487994e-05
-2.83033469576996e-05
-1.95308958500826e-05
-1.19409188786101e-05
-5.43322816270943e-06
8.91207372581094e-08
4.71919450189517e-06
8.54569641244185e-06
1.16526111939538e-05
1.41189635256606e-05
1.60186747585788e-05
1.74205037025814e-05
1.83880586227276e-05
1.89798688096529e-05
1.92495052550811e-05
1.92457410665880e-05
1.90127432926507e-05
1.85902887980522e-05
1.80139977302539e-05
1.73155789497041e-05
1.65230825622744e-05
1.56611553918128e-05
1.47512958673641e-05
1.38121053755460e-05
1.28595336467823e-05
1.19071162077157e-05
1.09662023444194e-05
1.00461723853631e-05
9.15464343284964e-06
8.29766295020415e-06
7.47988985268160e-06
6.70476295610826e-06
5.97465681181097e-06
5.29102510241836e-06
4.65453189349723e-06
4.06517113341579e-06
3.52237487084562e-06
3.02511071829780e-06
2.57196913324368e-06
2.16124111773522e-06
1.79098695488908e-06
1.45909660784725e-06
1.16334240543438e-06
9.01424630109034e-07
6.71010609223956e-07
4.69767891202747e-07
2.95392065020070e-07
1.45629755230310e-07
1.82972965103617e-08
-8.87044380519296e-08
-1.77378611291206e-07
-2.49623986246377e-07
-3.07229098608261e-07
-3.51868686015773e-07
-3.85102052627567e-07
-4.08373076180422e-07
-4.23011592381352e-07
-4.30235917822788e-07
-4.31156297553298e-07
-4.26779086908163e-07
-4.18011499161834e-07
-4.05666770989930e-07
-3.90469616625400e-07
-3.73061858982728e-07
