0
0.0291238377625164
0.0425864998299844
0.0411018834474173
0.0464621781660932
0.0250565990056447
0.0649248962876260
0.0607910638032982
0.100192624669874
0.0980941976200372
0.110996722316360
0.0646700160359364
0.0401474264168705
0.0660724931418121
0.0429377430781667
0.0518744308687710
0.0367221809811429
0.0283104487252448
-0.00975639425435996
-0.0428801953824175
-0.0168675159433208
-0.0181877722432607
-0.0380387499323442
-0.0553349756424840
-0.0303714822801456
-0.0299224736465115
-0.0150830461951821
-0.00412664488061641
0.0150662287320580
0.0239317397870981
-0.0114897753141834
-0.00141673147613975
0.0267148003119860
0.0428169298585853
-0.0200672152900653
-0.0257665523801189
-0.0321346826795290
-0.0218553114899588
-0.0329277534137256
-0.0303377693452275
0.0124053752541846
0.0330466835324687
0.0375396346163943
0.0117229352878985
0.00900633843387104
0.0119085215197011
-0.00306401357497305
-0.0114318679703316
-0.000335163310165622
0.0385514981839100
-0.0255535086365724
-0.0513133048193788
-0.0194588832631582
-0.00330088423119508
-0.00961880878202221
0.00167495551706339
-0.0226644469141869
-0.0462799463101746
-0.0345425904884518
0.00644794341012263
0.0252749448676693
0.0111601727581444
0.0327774752541262
0.0243377714985868
0.00441082224820908
-0.00709295530658134
-0.0219370728029456
-0.0255234214210183
-0.00945367477407852
-0.0351459378114252
-0.0234777055703776
0.00698013098557973
0.0106257894215157
0.0277505604415183
0.0246053053720611
0.0733187317905820
0.0908567225779425
0.0382751225959122
0.0355274736901357
-0.0131866742754190
0.0126129742082214
0.0207647930519423
0.0344350398230482
0.0529166414012970
0.0918692958929779
0.0758986931608791
0.0653848533907039
0.0742815492477253
0.0914094202826867
0.0547340725552086
0.0347383247204747
0.0309616618983811
-0.0355462359606489
-0.00591090827626932
-0.0327867485159518
-0.00294113792021899
-0.0235639295836353
-0.00696250949588170
0.0132302554838794
0.00709510080206391
0.0198987653145608
0.0145216131959499
0.0265685351077696
-0.00358310300388303
-0.0223497053092562
0.0137974905432374
-0.00325323553985243
0.00240888203345587
-0.0378933791208075
-0.0454729038160714
-0.0614949737836925
-0.0633752294964751
-0.0338562224972389
-0.00628341196943161
0.0241032428859499
0.0268823403032842
0.0377854691424117
0.00882295652891995
-0.00302755922810826
0.0289998976193059
0.0493167828796168
0.0564567676130542
0.0206883602147927
0.0267051596723865
0.0338584908540409
0.0205236246613140
0.0255444764448634
0.0870023886226253
