0
8.33333333333333e-05
0.000332970370307677
0.000747465571808696
0.00132396228019573
0.00205827225650094
0.00294499854621139
0.00397769368996235
0.00514904310471027
0.00645106236691937
0.00787529717409370
0.00941301581755419
0.0110553858139365
0.0127936285969373
0.0146191485447928
0.0165236348430713
0.0184991365665226
0.0205381128055762
0.0226334606386731
0.0247785242960062
0.0269670890447923
0.0291933632379296
0.0314519516936822
0.0337378231904974
0.0360462744295480
0.0383728923830766
0.0407135165389677
0.0430642021886352
0.0454211855942120
0.0477808516134801
0.0501397041540239
0.0524943396663613
0.0548414237628757
0.0571776709586312
0.0594998274653512
0.0618046569254185
0.0640889289439261
0.0663494102595998
0.0685828583866141
0.0707860175563783
0.0729556167893224
0.0750883699300541
0.0771809774839131
0.0792301300981053
0.0812325135357424
0.0831848149958790
0.0850837306368353
0.0869259741636400
0.0887082863433034
0.0904274453139122
0.0920802775553049
0.0936636693904802
0.0951745788880505
0.0966100480371270
0.0979672150671733
0.0992433267867350
0.100435750816680
0.101541987595804
0.102559682039465
0.103486634735410
0.104320812565205
0.105060358644745
0.105703601483184
0.106249063266343
0.106695467178152
0.107041743681932
0.107287035692284
0.107430702577844
0.107472322945207
0.107411698513634
0.107249176121620
0.106986184878184
0.106625428475846
0.106170814499884
0.105627347487982
0.105000992014819
0.104298513726921
0.103527307123709
0.102695218939319
0.101810375305121
0.100881019628741
0.0999153665228685
0.0989214753743337
0.0979071454532930
0.0968798329684441
0.0958465892660403
0.0948140184838388
0.0937882523989089
0.0927749399137941
0.0917792485560225
0.0908058754635410
0.0898590655383781
0.0889426347255161
0.0880599966762164
0.0872141913575464
0.0864079144542627
0.0856435466646048
0.0849231822126896
0.0842486560858697
0.0836215696570674
0.0830433144727619
0.0825150940807783
0.0820379438423501
0.0816127487239950
0.0812402591001467
0.0809211046203475
0.0806558062078218
0.0804447862616338
0.0802883771342094
0.0801868279512240
0.0801403098328820
0.0801489195653336
0.0802126475342413
0.0803312290693620
0.0805040216679278
0.0807300016269329
0.0810077750216438
0.0813355933657024
0.0817113735272069
0.0821327213612787
0.0825969584331955
0.0831011511506108
0.0836421415997843
0.0842165793879520
0.0848209538288635
0.0854516258664627
0.0861048592070812
0.0867768502173326